0	-122.24000000000001,37.7825,40.25,595.125,144.75,401.75,129.375,1.9479125000000002,1.0,70112.5
1	-122.20750000000001,37.7525,41.125,1839.75,419.25,1111.375,381.625,1.6819875,1.0,84187.5
2	-122.19518518518518,37.762962962962966,42.48148148148148,1328.8148148148148,291.55555555555554,863.8518518518518,273.7037037037037,1.888811111111111,1.0,89000.0
3	-122.21105263157894,37.76263157894737,42.10526315789474,990.5263157894736,237.26315789473685,686.578947368421,210.1578947368421,2.1394052631578946,1.0,81478.94736842105
4	-122.27142857142856,37.8,49.714285714285715,842.8571428571429,175.14285714285714,486.85714285714283,149.71428571428572,2.605442857142857,1.0,75942.85714285714
5	-122.2018181818182,37.77787878787876,40.53030303030303,1896.5757575757575,478.1515151515151,1135.6060606060605,444.93939393939394,2.653827272727272,1.0303030303030303,139419.69696969696
6	-122.21800000000005,37.78219999999998,44.98,1493.96,354.36,960.08,324.22,2.1667979999999996,1.0,99346.0
7	-122.23476190476192,37.79666666666667,41.95238095238095,2024.6190476190477,480.9047619047619,1319.4761904761904,437.6666666666667,2.2582714285714283,1.0,111100.0
8	-122.18538461538463,37.74999999999999,37.76923076923077,968.3076923076923,216.69230769230768,530.3846153846154,221.76923076923077,3.014269230769231,1.0,159923.07692307694
9	-122.2375,37.79375,44.375,558.5,137.125,415.375,135.0,2.0003374999999997,1.0,111937.5
10	-122.189375,37.794375,44.875,811.0,184.3125,538.125,179.8125,2.6771375,1.1875,122356.25
11	-122.23105263157895,37.793157894736844,45.31578947368421,1793.3157894736842,482.5263157894737,1297.7894736842106,436.5263157894737,2.3365684210526316,1.0,122557.8947368421
12	-122.22333333333334,37.75666666666667,38.0,277.0,85.16666666666667,327.3333333333333,82.83333333333333,1.6148666666666667,1.0,139450.0
13	-122.15205479452061,37.725479452054806,36.95890410958904,2153.5616438356165,493.027397260274,1265.86301369863,466.47945205479454,3.0561575342465757,1.0273972602739727,158063.01369863015
14	-122.12,37.650000000000006,33.25,378.25,101.0,280.5,98.25,2.237875,1.0,158925.0
15	-122.15000000000002,37.71558139534883,38.18604651162791,1853.1860465116279,414.27906976744185,1051.5116279069769,397.3255813953488,3.3961813953488376,1.0,178637.2093023256
16	-122.13489655172415,37.703103448275876,36.06206896551724,2340.344827586207,483.4068965517241,1191.9310344827586,466.11034482758623,3.778389655172413,1.1517241379310346,195061.37931034484
17	-122.1478787878788,37.71333333333333,35.696969696969695,2132.4848484848485,463.5151515151515,1217.909090909091,479.24242424242425,3.1120969696969705,1.0,170575.75757575757
18	-122.06333333333333,37.708333333333336,29.0,3451.8333333333335,695.6666666666666,1619.8333333333333,650.8333333333334,4.701899999999999,2.0,258216.66666666666
19	-122.11930817610063,37.70333333333334,34.25157232704402,2834.4528301886794,589.7295597484276,1436.5471698113208,565.7421383647799,3.9787402515723276,1.4779874213836477,227496.85534591196
20	-122.14578571428567,37.78064285714286,37.26428571428571,3320.6214285714286,519.4071428571428,1364.5928571428572,504.4428571428571,6.48849214285714,1.5071428571428571,376006.5142857143
21	-122.1911764705882,37.77941176470587,40.05882352941177,2584.470588235294,544.0588235294117,1112.0,516.5882352941177,4.026894117647059,1.3529411764705883,269382.35294117645
22	-122.11403225806451,37.721290322580636,31.548387096774192,3657.8064516129034,678.5645161290323,1688.467741935484,652.8225806451613,5.047182258064516,1.6129032258064515,286351.6129032258
23	-122.13133333333334,37.736666666666665,39.13333333333333,2152.3333333333335,376.1333333333333,947.0,360.6,4.958853333333334,1.5333333333333334,261846.66666666666
24	-122.11571428571429,37.70542857142858,32.77142857142857,3125.342857142857,600.1142857142858,1494.0285714285715,585.2857142857143,4.783114285714286,1.4,251717.14285714287
